,V,J,Pe,Ct,Cp,PWR,Torque,Thrust,RPM
0,(mph),(Adv Ratio),-,-,-,(Hp),(In-Lbf),(Lbf),RPM
1,0.0,0.00,0.0000,0.1089,0.0556,0.004,0.252,0.200,1000
2,0.5,0.03,0.0669,0.1089,0.0568,0.004,0.257,0.200,1000
3,1.0,0.07,0.1310,0.1090,0.0580,0.004,0.263,0.200,1000
4,1.5,0.10,0.1924,0.1091,0.0593,0.004,0.269,0.201,1000
5,2.0,0.14,0.2510,0.1091,0.0606,0.004,0.275,0.201,1000
6,2.6,0.17,0.3067,0.1091,0.0620,0.004,0.281,0.201,1000
7,3.1,0.21,0.3596,0.1091,0.0634,0.005,0.288,0.201,1000
8,3.6,0.24,0.4098,0.1089,0.0648,0.005,0.294,0.200,1000
9,4.1,0.28,0.4574,0.1084,0.0660,0.005,0.300,0.199,1000
10,4.6,0.31,0.5024,0.1073,0.0670,0.005,0.304,0.197,1000
11,5.1,0.35,0.5447,0.1057,0.0676,0.005,0.307,0.194,1000
12,5.6,0.38,0.5841,0.1035,0.0679,0.005,0.308,0.190,1000
13,6.1,0.42,0.6206,0.1008,0.0679,0.005,0.308,0.185,1000
14,6.6,0.45,0.6540,0.0974,0.0675,0.005,0.306,0.179,1000
15,7.2,0.49,0.6842,0.0934,0.0666,0.005,0.302,0.172,1000
16,7.7,0.52,0.7108,0.0888,0.0653,0.005,0.296,0.163,1000
17,8.2,0.56,0.7335,0.0833,0.0633,0.005,0.287,0.153,1000
18,8.7,0.59,0.7525,0.0776,0.0611,0.004,0.277,0.143,1000
19,9.2,0.63,0.7677,0.0718,0.0586,0.004,0.266,0.132,1000
20,9.7,0.66,0.7796,0.0659,0.0559,0.004,0.254,0.121,1000
21,10.2,0.70,0.7883,0.0598,0.0529,0.004,0.240,0.110,1000
22,10.7,0.73,0.7944,0.0537,0.0494,0.004,0.224,0.099,1000
23,11.3,0.77,0.7986,0.0474,0.0455,0.003,0.206,0.087,1000
24,11.8,0.80,0.8005,0.0409,0.0409,0.003,0.186,0.075,1000
25,12.3,0.84,0.7979,0.0343,0.0359,0.003,0.163,0.063,1000
26,12.8,0.87,0.7891,0.0275,0.0304,0.002,0.138,0.051,1000
27,13.3,0.91,0.7642,0.0208,0.0247,0.002,0.112,0.038,1000
28,13.8,0.94,0.7049,0.0140,0.0187,0.001,0.085,0.026,1000
29,14.3,0.98,0.5501,0.0071,0.0125,0.001,0.057,0.013,1000
30,14.8,1.01,-0.0068,0.0000,0.0070,0.001,0.032,0.000,1000
31,0.0,0.00,0.0000,0.1089,0.0557,0.032,1.011,0.801,2000
32,1.0,0.03,0.0667,0.1090,0.0569,0.033,1.032,0.801,2000
33,2.0,0.07,0.1307,0.1090,0.0581,0.033,1.054,0.802,2000
34,3.1,0.10,0.1920,0.1091,0.0594,0.034,1.077,0.802,2000
35,4.1,0.14,0.2505,0.1092,0.0607,0.035,1.101,0.803,2000
36,5.1,0.17,0.3061,0.1092,0.0621,0.036,1.127,0.803,2000
37,6.1,0.21,0.3590,0.1092,0.0635,0.037,1.153,0.803,2000
38,7.2,0.24,0.4092,0.1090,0.0649,0.037,1.178,0.802,2000
39,8.2,0.28,0.4567,0.1085,0.0662,0.038,1.201,0.798,2000
40,9.2,0.31,0.5017,0.1075,0.0671,0.039,1.218,0.790,2000
41,10.2,0.35,0.5440,0.1059,0.0678,0.039,1.230,0.779,2000
42,11.2,0.38,0.5835,0.1037,0.0681,0.039,1.236,0.763,2000
43,12.3,0.42,0.6200,0.1010,0.0681,0.039,1.235,0.743,2000
44,13.3,0.45,0.6535,0.0977,0.0677,0.039,1.228,0.718,2000
45,14.3,0.49,0.6837,0.0937,0.0668,0.038,1.212,0.689,2000
46,15.3,0.52,0.7104,0.0890,0.0654,0.038,1.187,0.655,2000
47,16.4,0.56,0.7333,0.0836,0.0635,0.037,1.152,0.615,2000
48,17.4,0.59,0.7522,0.0778,0.0613,0.035,1.112,0.573,2000
49,18.4,0.63,0.7676,0.0720,0.0588,0.034,1.067,0.530,2000
50,19.4,0.66,0.7795,0.0661,0.0561,0.032,1.018,0.486,2000
51,20.4,0.70,0.7884,0.0601,0.0531,0.031,0.963,0.442,2000
52,21.5,0.73,0.7944,0.0539,0.0496,0.029,0.900,0.396,2000
53,22.5,0.77,0.7987,0.0476,0.0456,0.026,0.828,0.350,2000
54,23.5,0.80,0.8006,0.0411,0.0411,0.024,0.746,0.302,2000
55,24.5,0.84,0.7981,0.0345,0.0361,0.021,0.655,0.254,2000
56,25.6,0.87,0.7895,0.0277,0.0306,0.018,0.554,0.204,2000
57,26.6,0.91,0.7649,0.0209,0.0248,0.014,0.450,0.154,2000
58,27.6,0.94,0.7064,0.0141,0.0188,0.011,0.341,0.104,2000
59,28.6,0.98,0.5523,0.0071,0.0126,0.007,0.228,0.052,2000
60,29.6,1.01,-0.0060,0.0000,0.0070,0.004,0.126,0.000,2000
61,0.0,0.00,0.0000,0.1084,0.0507,0.098,2.069,1.794,3000
62,1.5,0.03,0.0724,0.1085,0.0521,0.101,2.127,1.795,3000
63,3.1,0.07,0.1409,0.1086,0.0536,0.104,2.188,1.797,3000
64,4.6,0.10,0.2054,0.1086,0.0552,0.107,2.253,1.798,3000
65,6.1,0.14,0.2662,0.1087,0.0568,0.110,2.319,1.799,3000
66,7.7,0.17,0.3231,0.1087,0.0585,0.114,2.389,1.800,3000
67,9.2,0.21,0.3765,0.1087,0.0603,0.117,2.461,1.799,3000
68,10.7,0.24,0.4263,0.1086,0.0620,0.121,2.532,1.798,3000
69,12.3,0.28,0.4730,0.1082,0.0636,0.124,2.598,1.790,3000
70,13.8,0.31,0.5169,0.1073,0.0650,0.126,2.652,1.775,3000
71,15.3,0.35,0.5579,0.1058,0.0659,0.128,2.691,1.750,3000
72,16.8,0.38,0.5960,0.1037,0.0665,0.129,2.717,1.716,3000
73,18.4,0.42,0.6313,0.1010,0.0668,0.130,2.726,1.671,3000
74,19.9,0.45,0.6638,0.0977,0.0666,0.129,2.717,1.617,3000
75,21.4,0.49,0.6938,0.0938,0.0658,0.128,2.686,1.552,3000
76,23.0,0.52,0.7209,0.0891,0.0645,0.125,2.633,1.475,3000
77,24.5,0.56,0.7452,0.0838,0.0625,0.122,2.553,1.386,3000
78,26.0,0.59,0.7665,0.0780,0.0602,0.117,2.457,1.291,3000
79,27.6,0.63,0.7851,0.0722,0.0576,0.112,2.350,1.195,3000
80,29.1,0.66,0.8007,0.0662,0.0547,0.106,2.232,1.096,3000
81,30.6,0.70,0.8134,0.0602,0.0515,0.100,2.101,0.996,3000
82,32.2,0.73,0.8236,0.0540,0.0479,0.093,1.955,0.894,3000
83,33.7,0.77,0.8315,0.0476,0.0438,0.085,1.790,0.788,3000
84,35.2,0.80,0.8344,0.0411,0.0394,0.077,1.610,0.681,3000
85,36.8,0.83,0.8334,0.0345,0.0345,0.067,1.410,0.571,3000
86,38.3,0.87,0.8248,0.0277,0.0292,0.057,1.193,0.459,3000
87,39.8,0.90,0.7986,0.0209,0.0236,0.046,0.965,0.345,3000
88,41.4,0.94,0.7366,0.0140,0.0178,0.035,0.728,0.231,3000
89,42.9,0.97,0.5725,0.0070,0.0120,0.023,0.488,0.116,3000
90,44.4,1.01,-0.0014,0.0000,0.0066,0.013,0.270,0.000,3000
91,0.0,0.00,0.0000,0.1099,0.0656,0.302,4.759,3.232,4000
92,2.0,0.03,0.0579,0.1099,0.0659,0.304,4.786,3.234,4000
93,4.1,0.07,0.1152,0.1100,0.0664,0.306,4.817,3.236,4000
94,6.1,0.10,0.1717,0.1101,0.0668,0.308,4.852,3.238,4000
95,8.2,0.14,0.2272,0.1101,0.0674,0.310,4.889,3.239,4000
96,10.2,0.17,0.2817,0.1101,0.0679,0.313,4.929,3.239,4000
97,12.2,0.21,0.3352,0.1100,0.0685,0.315,4.969,3.237,4000
98,14.3,0.24,0.3876,0.1099,0.0690,0.318,5.007,3.233,4000
99,16.3,0.28,0.4386,0.1094,0.0694,0.320,5.036,3.220,4000
100,18.4,0.31,0.4885,0.1085,0.0695,0.320,5.042,3.191,4000
101,20.4,0.35,0.5366,0.1069,0.0693,0.319,5.026,3.145,4000
102,22.5,0.38,0.5818,0.1047,0.0688,0.317,4.995,3.081,4000
103,24.5,0.42,0.6234,0.1019,0.0682,0.314,4.950,2.999,4000
104,26.5,0.45,0.6613,0.0985,0.0673,0.310,4.886,2.898,4000
105,28.6,0.49,0.6956,0.0944,0.0661,0.304,4.795,2.778,4000
106,30.6,0.52,0.7260,0.0897,0.0644,0.297,4.675,2.638,4000
107,32.7,0.56,0.7525,0.0842,0.0622,0.287,4.518,2.478,4000
108,34.7,0.59,0.7754,0.0784,0.0598,0.275,4.339,2.308,4000
109,36.7,0.63,0.7957,0.0726,0.0571,0.263,4.141,2.134,4000
110,38.8,0.66,0.8133,0.0665,0.0540,0.249,3.922,1.958,4000
111,40.8,0.70,0.8283,0.0604,0.0507,0.234,3.682,1.778,4000
112,42.9,0.73,0.8409,0.0542,0.0471,0.217,3.415,1.595,4000
113,44.9,0.76,0.8512,0.0478,0.0429,0.198,3.116,1.406,4000
114,46.9,0.80,0.8555,0.0413,0.0386,0.178,2.798,1.214,4000
115,49.0,0.83,0.8559,0.0346,0.0337,0.155,2.447,1.018,4000
116,51.0,0.87,0.8487,0.0278,0.0285,0.131,2.068,0.819,4000
117,53.1,0.90,0.8233,0.0210,0.0230,0.106,1.669,0.616,4000
118,55.1,0.94,0.7626,0.0141,0.0173,0.080,1.256,0.414,4000
119,57.2,0.97,0.5977,0.0071,0.0115,0.053,0.834,0.208,4000
120,59.2,1.01,-0.0030,0.0000,0.0063,0.029,0.454,-0.001,4000
121,0.0,0.00,0.0000,0.1138,0.1077,0.969,12.208,5.231,5000
122,2.6,0.03,0.0376,0.1139,0.1053,0.947,11.937,5.235,5000
123,5.1,0.07,0.0772,0.1139,0.1026,0.923,11.638,5.237,5000
124,7.7,0.10,0.1188,0.1139,0.1000,0.900,11.339,5.236,5000
125,10.2,0.14,0.1627,0.1139,0.0973,0.875,11.033,5.233,5000
126,12.8,0.17,0.2092,0.1137,0.0945,0.850,10.714,5.227,5000
127,15.3,0.21,0.2584,0.1135,0.0916,0.824,10.388,5.217,5000
128,17.9,0.24,0.3106,0.1131,0.0886,0.797,10.050,5.200,5000
129,20.4,0.28,0.3659,0.1125,0.0855,0.769,9.697,5.172,5000
130,23.0,0.31,0.4237,0.1113,0.0822,0.739,9.321,5.117,5000
131,25.5,0.35,0.4835,0.1095,0.0787,0.708,8.925,5.031,5000
132,28.1,0.38,0.5418,0.1069,0.0755,0.679,8.558,4.915,5000
133,30.6,0.42,0.5967,0.1037,0.0725,0.653,8.226,4.769,5000
134,33.2,0.45,0.6460,0.1000,0.0699,0.629,7.931,4.595,5000
135,35.7,0.49,0.6891,0.0955,0.0675,0.607,7.651,4.391,5000
136,38.3,0.52,0.7256,0.0905,0.0650,0.585,7.374,4.159,5000
137,40.8,0.56,0.7554,0.0848,0.0625,0.562,7.085,3.900,5000
138,43.4,0.59,0.7794,0.0790,0.0599,0.539,6.794,3.631,5000
139,45.9,0.63,0.8003,0.0731,0.0571,0.514,6.480,3.359,5000
140,48.5,0.66,0.8190,0.0670,0.0541,0.486,6.129,3.081,5000
141,51.0,0.70,0.8352,0.0608,0.0506,0.456,5.744,2.797,5000
142,53.6,0.73,0.8492,0.0545,0.0469,0.422,5.317,2.507,5000
143,56.1,0.76,0.8609,0.0481,0.0427,0.384,4.843,2.210,5000
144,58.7,0.80,0.8674,0.0415,0.0383,0.344,4.338,1.908,5000
145,61.2,0.83,0.8700,0.0348,0.0334,0.300,3.785,1.600,5000
146,63.8,0.87,0.8650,0.0280,0.0281,0.253,3.190,1.287,5000
147,66.3,0.90,0.8417,0.0211,0.0226,0.204,2.567,0.969,5000
148,68.9,0.94,0.7833,0.0141,0.0169,0.152,1.920,0.650,5000
149,71.4,0.97,0.6208,0.0071,0.0111,0.100,1.260,0.326,5000
150,74.0,1.01,-0.0016,0.0000,0.0059,0.053,0.666,0.000,5000
151,0.0,0.00,0.0000,0.1172,0.1451,2.256,23.702,7.760,6000
152,3.1,0.03,0.0290,0.1173,0.1403,2.180,22.903,7.765,6000
153,6.1,0.07,0.0603,0.1173,0.1352,2.102,22.075,7.767,6000
154,9.2,0.10,0.0941,0.1173,0.1299,2.019,21.212,7.764,6000
155,12.2,0.14,0.1308,0.1171,0.1244,1.934,20.315,7.754,6000
156,15.3,0.17,0.1709,0.1169,0.1188,1.846,19.395,7.738,6000
157,18.3,0.21,0.2149,0.1165,0.1130,1.756,18.449,7.714,6000
158,21.4,0.24,0.2636,0.1160,0.1070,1.663,17.470,7.679,6000
159,24.5,0.28,0.3176,0.1153,0.1008,1.568,16.468,7.631,6000
160,27.5,0.31,0.3768,0.1140,0.0946,1.470,15.445,7.549,6000
161,30.6,0.35,0.4413,0.1120,0.0882,1.370,14.394,7.415,6000
162,33.6,0.38,0.5086,0.1092,0.0820,1.275,13.393,7.229,6000
163,36.7,0.42,0.5730,0.1057,0.0769,1.195,12.553,6.997,6000
164,39.8,0.45,0.6311,0.1016,0.0727,1.130,11.870,6.727,6000
165,42.8,0.49,0.6818,0.0969,0.0691,1.074,11.282,6.414,6000
166,45.9,0.52,0.7237,0.0916,0.0659,1.025,10.766,6.063,6000
167,48.9,0.56,0.7564,0.0858,0.0630,0.980,10.292,5.680,6000
168,52.0,0.59,0.7816,0.0799,0.0603,0.938,9.852,5.288,6000
169,55.0,0.63,0.8032,0.0739,0.0575,0.894,9.394,4.893,6000
170,58.1,0.66,0.8227,0.0678,0.0544,0.845,8.880,4.488,6000
171,61.2,0.69,0.8400,0.0616,0.0509,0.791,8.312,4.075,6000
172,64.2,0.73,0.8553,0.0552,0.0470,0.731,7.681,3.652,6000
173,67.3,0.76,0.8682,0.0487,0.0428,0.666,6.992,3.221,6000
174,70.3,0.80,0.8770,0.0420,0.0383,0.595,6.253,2.783,6000
175,73.4,0.83,0.8816,0.0353,0.0334,0.519,5.451,2.337,6000
176,76.5,0.87,0.8790,0.0284,0.0281,0.437,4.586,1.882,6000
177,79.5,0.90,0.8587,0.0215,0.0226,0.351,3.684,1.420,6000
178,82.6,0.94,0.8037,0.0144,0.0168,0.261,2.740,0.952,6000
179,85.6,0.97,0.6432,0.0072,0.0109,0.170,1.785,0.479,6000
180,88.7,1.01,-0.0021,0.0000,0.0058,0.090,0.944,-0.001,6000
181,0.0,0.00,0.0000,0.1204,0.1811,4.471,40.255,10.846,7000
182,3.6,0.03,0.0240,0.1205,0.1740,4.296,38.676,10.855,7000
183,7.1,0.07,0.0502,0.1205,0.1666,4.114,37.039,10.857,7000
184,10.7,0.10,0.0789,0.1204,0.1590,3.925,35.339,10.850,7000
185,14.3,0.14,0.1105,0.1202,0.1510,3.728,33.568,10.832,7000
186,17.8,0.17,0.1457,0.1199,0.1428,3.525,31.741,10.802,7000
187,21.4,0.21,0.1851,0.1194,0.1344,3.317,29.864,10.759,7000
188,25.0,0.24,0.2297,0.1187,0.1256,3.101,27.924,10.699,7000
189,28.5,0.28,0.2804,0.1179,0.1167,2.882,25.946,10.620,7000
190,32.1,0.31,0.3386,0.1167,0.1076,2.657,23.926,10.511,7000
191,35.7,0.35,0.4042,0.1147,0.0985,2.431,21.886,10.330,7000
192,39.2,0.38,0.4771,0.1117,0.0894,2.207,19.867,10.061,7000
193,42.8,0.42,0.5502,0.1079,0.0817,2.017,18.159,9.722,7000
194,46.4,0.45,0.6168,0.1035,0.0757,1.869,16.832,9.325,7000
195,49.9,0.49,0.6742,0.0985,0.0710,1.753,15.780,8.874,7000
196,53.5,0.52,0.7211,0.0929,0.0671,1.657,14.915,8.373,7000
197,57.1,0.56,0.7567,0.0870,0.0638,1.576,14.188,7.835,7000
198,60.6,0.59,0.7830,0.0809,0.0610,1.506,13.556,7.291,7000
199,64.2,0.62,0.8052,0.0749,0.0581,1.434,12.916,6.746,7000
200,67.8,0.66,0.8253,0.0687,0.0549,1.355,12.203,6.189,7000
201,71.3,0.69,0.8435,0.0624,0.0513,1.267,11.410,5.619,7000
202,74.9,0.73,0.8598,0.0559,0.0474,1.171,10.539,5.038,7000
203,78.5,0.76,0.8736,0.0493,0.0431,1.065,9.588,4.445,7000
204,82.0,0.80,0.8839,0.0426,0.0385,0.951,8.562,3.842,7000
205,85.6,0.83,0.8899,0.0358,0.0335,0.828,7.453,3.227,7000
206,89.2,0.87,0.8886,0.0288,0.0282,0.695,6.261,2.598,7000
207,92.7,0.90,0.8702,0.0218,0.0226,0.558,5.021,1.962,7000
208,96.3,0.94,0.8174,0.0146,0.0168,0.414,3.726,1.317,7000
209,99.9,0.97,0.6591,0.0074,0.0108,0.268,2.411,0.663,7000
210,103.4,1.01,0.0033,0.0000,0.0057,0.140,1.256,0.002,7000
211,0.0,0.00,0.0000,0.1180,0.1567,5.774,45.486,13.883,8000
212,4.1,0.03,0.0271,0.1181,0.1513,5.577,43.935,13.894,8000
213,8.2,0.07,0.0564,0.1181,0.1457,5.369,42.296,13.899,8000
214,12.3,0.10,0.0882,0.1181,0.1398,5.151,40.580,13.895,8000
215,16.3,0.14,0.1228,0.1179,0.1336,4.923,38.780,13.878,8000
216,20.4,0.17,0.1609,0.1177,0.1272,4.686,36.920,13.848,8000
217,24.5,0.21,0.2030,0.1173,0.1206,4.444,35.011,13.804,8000
218,28.6,0.24,0.2497,0.1168,0.1139,4.198,33.069,13.743,8000
219,32.7,0.28,0.3017,0.1161,0.1071,3.947,31.097,13.664,8000
220,36.8,0.31,0.3598,0.1153,0.1003,3.695,29.111,13.563,8000
221,40.8,0.35,0.4244,0.1140,0.0934,3.443,27.127,13.414,8000
222,44.9,0.38,0.4935,0.1116,0.0865,3.189,25.124,13.135,8000
223,49.0,0.42,0.5648,0.1083,0.0800,2.948,23.228,12.739,8000
224,53.1,0.45,0.6275,0.1042,0.0751,2.766,21.791,12.257,8000
225,57.2,0.49,0.6801,0.0994,0.0712,2.623,20.666,11.698,8000
226,61.3,0.52,0.7229,0.0940,0.0679,2.501,19.704,11.065,8000
227,65.4,0.56,0.7564,0.0881,0.0648,2.389,18.821,10.369,8000
228,69.4,0.59,0.7827,0.0820,0.0620,2.283,17.987,9.650,8000
229,73.5,0.63,0.8052,0.0759,0.0590,2.174,17.126,8.927,8000
230,77.6,0.66,0.8256,0.0696,0.0557,2.053,16.171,8.188,8000
231,81.7,0.70,0.8440,0.0632,0.0521,1.919,15.115,7.432,8000
232,85.8,0.73,0.8604,0.0566,0.0481,1.771,13.953,6.661,8000
233,89.9,0.77,0.8746,0.0499,0.0437,1.609,12.672,5.870,8000
234,94.0,0.80,0.8856,0.0430,0.0389,1.433,11.288,5.064,8000
235,98.0,0.83,0.8917,0.0361,0.0338,1.244,9.802,4.244,8000
236,102.1,0.87,0.8900,0.0290,0.0283,1.043,8.218,3.409,8000
237,106.2,0.90,0.8718,0.0218,0.0226,0.833,6.564,2.565,8000
238,110.3,0.94,0.8202,0.0146,0.0167,0.616,4.856,1.719,8000
239,114.4,0.97,0.6600,0.0074,0.0109,0.400,3.153,0.866,8000
240,118.5,1.01,-0.0039,0.0000,0.0055,0.204,1.607,-0.003,8000
241,0.0,0.00,0.0000,0.1142,0.1168,6.126,42.900,17.014,9000
242,4.6,0.03,0.0349,0.1143,0.1141,5.987,41.927,17.030,9000
243,9.2,0.07,0.0717,0.1144,0.1113,5.839,40.892,17.041,9000
244,13.8,0.10,0.1105,0.1144,0.1083,5.682,39.790,17.045,9000
245,18.4,0.14,0.1517,0.1144,0.1052,5.518,38.639,17.042,9000
246,23.0,0.17,0.1955,0.1143,0.1019,5.349,37.455,17.030,9000
247,27.6,0.21,0.2422,0.1142,0.0986,5.174,36.232,17.005,9000
248,32.2,0.24,0.2918,0.1139,0.0953,4.998,34.998,16.967,9000
249,36.8,0.28,0.3447,0.1136,0.0919,4.822,33.768,16.917,9000
250,41.4,0.31,0.4008,0.1131,0.0886,4.646,32.537,16.850,9000
251,46.1,0.35,0.4601,0.1125,0.0853,4.474,31.331,16.762,9000
252,50.7,0.38,0.5214,0.1114,0.0819,4.298,30.100,16.589,9000
253,55.3,0.42,0.5827,0.1087,0.0781,4.096,28.682,16.196,9000
254,59.9,0.45,0.6394,0.1051,0.0745,3.909,27.372,15.653,9000
255,64.5,0.49,0.6853,0.1007,0.0717,3.762,26.345,14.996,9000
256,69.1,0.52,0.7234,0.0955,0.0690,3.622,25.364,14.224,9000
257,73.7,0.56,0.7552,0.0896,0.0662,3.474,24.325,13.350,9000
258,78.3,0.59,0.7816,0.0834,0.0633,3.319,23.243,12.426,9000
259,82.9,0.63,0.8045,0.0771,0.0602,3.157,22.107,11.489,9000
260,87.5,0.66,0.8252,0.0707,0.0568,2.979,20.858,10.534,9000
261,92.1,0.70,0.8439,0.0642,0.0530,2.782,19.480,9.558,9000
262,96.7,0.73,0.8605,0.0575,0.0489,2.565,17.966,8.560,9000
263,101.3,0.77,0.8752,0.0507,0.0444,2.329,16.309,7.544,9000
264,105.9,0.80,0.8868,0.0437,0.0395,2.072,14.507,6.504,9000
265,110.5,0.84,0.8934,0.0366,0.0342,1.796,12.580,5.445,9000
266,115.1,0.87,0.8916,0.0293,0.0286,1.503,10.524,4.364,9000
267,119.7,0.91,0.8740,0.0220,0.0228,1.195,8.368,3.271,9000
268,124.3,0.94,0.8244,0.0148,0.0168,0.884,6.188,2.197,9000
269,128.9,0.98,0.6703,0.0074,0.0108,0.568,3.980,1.108,9000
270,133.6,1.01,-0.0056,0.0000,0.0052,0.273,1.914,-0.004,9000
271,0.0,0.00,0.0000,0.1106,0.0766,5.516,34.763,20.340,10000
272,5.1,0.03,0.0503,0.1107,0.0765,5.508,34.712,20.360,10000
273,10.2,0.07,0.1010,0.1108,0.0763,5.495,34.631,20.377,10000
274,15.3,0.10,0.1520,0.1109,0.0762,5.481,34.541,20.393,10000
275,20.4,0.14,0.2033,0.1110,0.0759,5.464,34.440,20.405,10000
276,25.5,0.17,0.2550,0.1110,0.0757,5.448,34.337,20.415,10000
277,30.6,0.21,0.3069,0.1111,0.0755,5.434,34.249,20.421,10000
278,35.7,0.24,0.3589,0.1111,0.0753,5.423,34.178,20.422,10000
279,40.8,0.28,0.4105,0.1110,0.0753,5.416,34.137,20.415,10000
280,45.9,0.31,0.4611,0.1110,0.0753,5.420,34.160,20.401,10000
281,51.0,0.35,0.5112,0.1108,0.0754,5.426,34.197,20.377,10000
282,56.2,0.38,0.5594,0.1106,0.0757,5.445,34.317,20.340,10000
283,61.3,0.42,0.6053,0.1097,0.0756,5.442,34.295,20.164,10000
284,66.4,0.45,0.6490,0.1067,0.0744,5.351,33.727,19.625,10000
285,71.5,0.49,0.6874,0.1028,0.0728,5.239,33.017,18.896,10000
286,76.6,0.52,0.7206,0.0979,0.0709,5.099,32.138,17.994,10000
287,81.7,0.56,0.7504,0.0921,0.0683,4.916,30.983,16.937,10000
288,86.8,0.59,0.7775,0.0858,0.0653,4.696,29.599,15.778,10000
289,91.9,0.63,0.8013,0.0794,0.0620,4.465,28.138,14.600,10000
290,97.0,0.66,0.8223,0.0729,0.0586,4.215,26.565,13.400,10000
291,102.1,0.70,0.8416,0.0662,0.0547,3.938,24.822,12.174,10000
292,107.2,0.73,0.8585,0.0594,0.0505,3.637,22.920,10.921,10000
293,112.3,0.77,0.8737,0.0524,0.0459,3.304,20.822,9.638,10000
294,117.4,0.80,0.8865,0.0453,0.0409,2.941,18.539,8.329,10000
295,122.5,0.83,0.8943,0.0380,0.0355,2.555,16.105,6.994,10000
296,127.6,0.87,0.8939,0.0306,0.0298,2.144,13.511,5.631,10000
297,132.7,0.90,0.8792,0.0232,0.0238,1.715,10.812,4.261,10000
298,137.8,0.94,0.8345,0.0156,0.0176,1.264,7.967,2.870,10000
299,142.9,0.97,0.6862,0.0079,0.0112,0.803,5.059,1.445,10000
300,148.0,1.01,-0.0026,0.0000,0.0054,0.390,2.460,-0.003,10000
301,0.0,0.00,0.0000,0.1083,0.0508,4.863,27.866,24.101,11000
302,5.6,0.03,0.0722,0.1084,0.0522,5.005,28.675,24.125,11000
303,11.2,0.07,0.1402,0.1086,0.0538,5.157,29.549,24.152,11000
304,16.8,0.10,0.2043,0.1087,0.0555,5.317,30.464,24.181,11000
305,22.5,0.14,0.2643,0.1088,0.0573,5.485,31.428,24.213,11000
306,28.1,0.17,0.3205,0.1090,0.0591,5.663,32.446,24.248,11000
307,33.7,0.21,0.3731,0.1092,0.0610,5.847,33.498,24.285,11000
308,39.3,0.24,0.4219,0.1093,0.0631,6.043,34.625,24.327,11000
309,44.9,0.28,0.4674,0.1095,0.0652,6.245,35.781,24.371,11000
310,50.5,0.31,0.5098,0.1098,0.0674,6.453,36.973,24.418,11000
311,56.1,0.35,0.5494,0.1100,0.0696,6.667,38.202,24.467,11000
312,61.8,0.38,0.5862,0.1102,0.0719,6.885,39.448,24.509,11000
313,67.4,0.42,0.6203,0.1103,0.0742,7.108,40.727,24.542,11000
314,73.0,0.45,0.6523,0.1097,0.0760,7.279,41.708,24.397,11000
315,78.6,0.49,0.6841,0.1063,0.0756,7.243,41.497,23.641,11000
316,84.2,0.52,0.7149,0.1013,0.0739,7.083,40.580,22.546,11000
317,89.8,0.56,0.7442,0.0954,0.0714,6.835,39.161,21.234,11000
318,95.4,0.59,0.7718,0.0889,0.0681,6.523,37.376,19.783,11000
319,101.1,0.63,0.7969,0.0823,0.0646,6.191,35.475,18.309,11000
320,106.7,0.66,0.8186,0.0755,0.0610,5.839,33.456,16.805,11000
321,112.3,0.70,0.8383,0.0686,0.0569,5.454,31.249,15.270,11000
322,117.9,0.73,0.8559,0.0616,0.0526,5.034,28.843,13.704,11000
323,123.5,0.76,0.8714,0.0544,0.0478,4.576,26.221,12.108,11000
324,129.1,0.80,0.8848,0.0471,0.0426,4.077,23.361,10.476,11000
325,134.7,0.83,0.8934,0.0396,0.0370,3.545,20.312,8.814,11000
326,140.4,0.87,0.8941,0.0320,0.0311,2.977,17.057,7.112,11000
327,146.0,0.90,0.8803,0.0242,0.0248,2.380,13.637,5.382,11000
328,151.6,0.94,0.8357,0.0163,0.0184,1.759,10.076,3.636,11000
329,157.2,0.97,0.6872,0.0083,0.0117,1.124,6.440,1.843,11000
330,162.8,1.01,-0.0070,0.0000,0.0057,0.549,3.143,-0.009,11000
331,0.0,0.00,0.0000,0.1095,0.0746,9.282,48.749,28.997,12000
332,6.1,0.03,0.0500,0.1097,0.0761,9.460,49.684,29.040,12000
333,12.2,0.07,0.1008,0.1097,0.0755,9.388,49.307,29.056,12000
334,18.3,0.10,0.1481,0.1099,0.0772,9.597,50.405,29.105,12000
335,24.4,0.14,0.1954,0.1101,0.0781,9.713,51.012,29.145,12000
336,30.5,0.17,0.2422,0.1102,0.0789,9.808,51.514,29.184,12000
337,36.6,0.21,0.2757,0.1106,0.0834,10.376,54.497,29.289,12000
338,42.7,0.24,0.3160,0.1108,0.0851,10.583,55.586,29.347,12000
339,48.8,0.28,0.3612,0.1110,0.0852,10.594,55.643,29.379,12000
340,54.9,0.31,0.4044,0.1111,0.0857,10.659,55.982,29.418,12000
341,61.1,0.35,0.4489,0.1112,0.0859,10.682,56.101,29.450,12000
342,67.2,0.38,0.5166,0.1110,0.0820,10.192,53.529,29.401,12000
343,73.3,0.42,0.5580,0.1112,0.0829,10.308,54.140,29.442,12000
344,79.4,0.45,0.5799,0.1116,0.0867,10.781,56.623,29.542,12000
345,85.5,0.49,0.6223,0.1108,0.0864,10.742,56.417,29.328,12000
346,91.6,0.52,0.6653,0.1073,0.0839,10.430,54.777,28.414,12000
347,97.7,0.55,0.7040,0.1023,0.0806,10.019,52.619,27.077,12000
348,103.8,0.59,0.7353,0.0961,0.0770,9.582,50.323,25.457,12000
349,109.9,0.62,0.7578,0.0897,0.0739,9.189,48.259,23.761,12000
350,116.0,0.66,0.7827,0.0830,0.0698,8.683,45.606,21.971,12000
351,122.1,0.69,0.8076,0.0753,0.0647,8.043,42.244,19.950,12000
352,128.2,0.73,0.8301,0.0675,0.0592,7.365,38.681,17.881,12000
353,134.3,0.76,0.8501,0.0595,0.0534,6.637,34.856,15.752,12000
354,140.4,0.80,0.8679,0.0514,0.0472,5.876,30.860,13.619,12000
355,146.5,0.83,0.8746,0.0428,0.0407,5.060,26.577,11.326,12000
356,152.6,0.87,0.8798,0.0352,0.0346,4.306,22.615,9.307,12000
357,158.7,0.90,0.8665,0.0269,0.0279,3.474,18.244,7.110,12000
358,164.8,0.94,0.8259,0.0183,0.0208,2.583,13.568,4.854,12000
359,170.9,0.97,0.6720,0.0093,0.0134,1.671,8.776,2.463,12000
360,177.0,1.01,0.0111,0.0001,0.0071,0.880,4.621,0.021,12000
361,0.0,0.00,0.0000,0.1112,0.1044,16.506,80.021,34.567,13000
362,6.6,0.03,0.0374,0.1114,0.1036,16.382,79.424,34.603,13000
363,13.3,0.07,0.0755,0.1115,0.1028,16.257,78.814,34.638,13000
364,19.9,0.10,0.1327,0.1107,0.0872,13.780,66.808,34.409,13000
365,26.6,0.14,0.1537,0.1117,0.1011,15.992,77.529,34.705,13000
366,33.2,0.17,0.1940,0.1118,0.1003,15.852,76.852,34.736,13000
367,39.8,0.21,0.2351,0.1119,0.0994,15.714,76.183,34.765,13000
368,46.5,0.24,0.2770,0.1120,0.0985,15.574,75.503,34.792,13000
369,53.1,0.28,0.3196,0.1120,0.0976,15.434,74.826,34.814,13000
370,59.8,0.31,0.3629,0.1121,0.0968,15.299,74.173,34.831,13000
371,66.4,0.35,0.4068,0.1121,0.0959,15.167,73.532,34.839,13000
372,73.1,0.38,0.4512,0.1121,0.0951,15.044,72.936,34.843,13000
373,79.7,0.42,0.4959,0.1121,0.0944,14.930,72.381,34.837,13000
374,86.3,0.45,0.5404,0.1121,0.0938,14.838,71.934,34.825,13000
375,93.0,0.49,0.5839,0.1120,0.0935,14.780,71.654,34.806,13000
376,99.6,0.52,0.6244,0.1100,0.0920,14.543,70.506,34.180,13000
377,106.3,0.56,0.6563,0.1062,0.0901,14.252,69.096,33.009,13000
378,112.9,0.59,0.6797,0.1015,0.0884,13.975,67.753,31.550,13000
379,126.2,0.66,0.7402,0.0878,0.0784,12.397,60.101,27.272,13000
380,132.8,0.70,0.7618,0.0811,0.0741,11.723,56.835,25.215,13000
381,139.5,0.73,0.7747,0.0744,0.0702,11.092,53.776,23.106,13000
382,146.1,0.77,0.7915,0.0666,0.0645,10.195,49.426,20.709,13000
383,152.7,0.80,0.8035,0.0580,0.0578,9.140,44.312,18.029,13000
384,159.4,0.84,0.8097,0.0491,0.0506,8.002,38.793,15.243,13000
385,166.0,0.87,0.8069,0.0400,0.0431,6.821,33.067,12.430,13000
386,172.7,0.90,0.7885,0.0308,0.0353,5.588,27.092,9.569,13000
387,179.3,0.94,0.7357,0.0212,0.0270,4.276,20.729,6.578,13000
388,186.0,0.97,0.5497,0.0102,0.0180,2.848,13.808,3.157,13000
389,192.6,1.01,-0.0171,-0.0002,0.0117,1.853,8.984,-0.062,13000
390,0.0,0.00,0.0000,0.1106,0.0885,17.474,78.665,39.849,13999
391,7.1,0.03,0.0429,0.1107,0.0891,17.597,79.217,39.899,13999
392,14.2,0.07,0.0851,0.1109,0.0900,17.765,79.977,39.950,13999
393,21.3,0.10,0.1268,0.1110,0.0907,17.913,80.641,39.996,13999
394,28.4,0.14,0.1663,0.1112,0.0924,18.248,82.149,40.065,13999
395,35.5,0.17,0.1748,0.1126,0.1112,21.968,98.895,40.570,13999
396,42.6,0.21,0.2402,0.1116,0.0963,19.020,85.623,40.220,13999
397,49.7,0.24,0.2708,0.1119,0.1000,19.746,88.891,40.345,13999
398,56.8,0.28,0.2903,0.1126,0.1072,21.177,95.336,40.595,13999
399,63.9,0.31,0.3249,0.1127,0.1078,21.297,95.874,40.602,13999
400,71.0,0.35,0.3614,0.1126,0.1076,21.256,95.692,40.581,13999
401,78.1,0.38,0.4025,0.1123,0.1060,20.941,94.273,40.475,13999
402,85.2,0.41,0.4462,0.1119,0.1040,20.537,92.455,40.332,13999
403,92.3,0.45,0.4903,0.1114,0.1020,20.152,90.718,40.146,13999
404,99.4,0.48,0.5354,0.1108,0.1001,19.768,88.990,39.933,13999
405,106.5,0.52,0.5808,0.1101,0.0982,19.396,87.317,39.668,13999
406,113.6,0.55,0.6252,0.1073,0.0948,18.729,84.316,38.656,13999
407,120.7,0.59,0.6552,0.1027,0.0921,18.183,81.858,37.018,13999
408,127.8,0.62,0.6786,0.0973,0.0891,17.602,79.240,35.052,13999
409,134.9,0.66,0.7004,0.0910,0.0853,16.848,75.845,32.803,13999
410,142.0,0.69,0.7188,0.0840,0.0808,15.951,71.809,30.281,13999
411,149.1,0.73,0.7331,0.0769,0.0761,15.019,67.615,27.696,13999
412,156.2,0.76,0.7438,0.0691,0.0706,13.939,62.751,24.891,13999
413,163.3,0.79,0.7497,0.0601,0.0637,12.585,56.657,21.669,13999
414,170.4,0.83,0.7483,0.0506,0.0560,11.065,49.812,18.222,13999
415,177.5,0.86,0.7356,0.0409,0.0481,9.495,42.745,14.757,13999
416,184.6,0.90,0.7046,0.0316,0.0403,7.968,35.872,11.405,13999
417,191.7,0.93,0.6295,0.0230,0.0341,6.732,30.306,8.290,13999
418,198.8,0.97,0.4439,0.0122,0.0265,5.237,23.575,4.385,13999
419,205.9,1.00,-0.0148,-0.0003,0.0176,3.480,15.665,-0.094,13999
